LAT=47.652864
LON=-122.312256