LAT=47.670604
LON=-122.311993