LAT=47.670647
LON=-122.311982