LAT=47.661746
LON=-122.317266