LAT=47.661205
LON=-122.297876