LAT=47.665116
LON=-122.318387