LAT=47.668476
LON=-122.308146