LAT=47.651646
LON=-122.31477