LAT=47.651554
LON=-122.313709