LAT=47.65173
LON=-122.307355