LAT=47.653276
LON=-122.30607