LAT=47.653798
LON=-122.307798