LAT=47.653529
LON=-122.306226