LAT=47.66823
LON=-122.276722