LAT=47.649789
LON=-122.310461