LAT=47.660297
LON=-122.304834