LAT=47.651043
LON=-122.303935