LAT=47.657052
LON=-122.304552