LAT=47.653258
LON=-122.311118