LAT=47.652302
LON=-122.306778