LAT=47.666007
LON=-122.308111