LAT=47.658219
LON=-122.313393