LAT=47.666135
LON=-122.297396