LAT=47.659245
LON=-122.310238