LAT=47.668527
LON=-122.318237