LAT=47.675097
LON=-122.31587