LAT=47.664578
LON=-122.30989