LAT=47.675766
LON=-122.319868