LAT=47.670481
LON=-122.314289