LAT=47.664744
LON=-122.314321