LAT=47.661095
LON=-122.309965