LAT=47.668823
LON=-122.332882