LAT=47.650974
LON=-122.309209