LAT=47.653688
LON=-122.301559