LAT=47.670474
LON=-122.314267