LAT=47.654899
LON=-122.30769