LAT=47.653749
LON=-122.304708