LAT=47.657168
LON=-122.306752