LAT=47.668653
LON=-122.303495