LAT=47.655759
LON=-122.30967