LAT=47.677153
LON=-122.301462