LAT=47.661157
LON=-122.313763