LAT=47.662548
LON=-122.296645