LAT=47.662625
LON=-122.299775