LAT=47.662913
LON=-122.311859