LAT=47.657213
LON=-122.313033