LAT=47.666374
LON=-122.314286